n_data : 15
goal_pos_x : [2.12957,2.97265,2.34094,1.72345,1.35359,1.16875,0.476237,-0.334077,-0.337103,2.14851,2.70253,2.69957,1.48282,-0.405217,2.15181]
goal_pos_y : [-0.192235,-0.531649,-0.849161,0.16906,-0.688922,-0.750702,0.0180457,0.107525,-0.59077,-0.911214,-0.809721,-0.0898465,-0.00218588,0.11896,-0.921685]
goal_pos_z : [0,0,0,0,0,0,0,0,0,0,0,0,0,0,0]
goal_ori_x : [0,0,0,0,0,0,0,0,0,0,0,0,0,0,0]
goal_ori_y : [0,0,0,0,0,0,0,0,0,0,0,0,0,0,0]
goal_ori_z : [0.0139743,-0.856935,0.834206,0.916005,0.937572,0.928837,0.999715,0.963616,-0.0574585,0.00572745,0.666792,0.999881,0.999999,-0.819755,-0.0158588]
goal_ori_w : [0.999902,0.515424,0.551454,-0.401168,-0.34779,0.370488,0.0238544,-0.26729,0.998348,0.999984,0.745244,-0.0154173,-0.00119094,0.572714,0.999874]
