n_data : 6
goal_pos_x : [-6.14543,-4.50572,-2.08499,-0.728079,0.458364,1.91166]
goal_pos_y : [-1.74957,-1.90664,-1.87985,-0.590751,0.524323,2.00355]
goal_pos_z : [0,0,0,0,0,0]
goal_ori_x : [0,0,0,0,0,0]
goal_ori_y : [0,0,0,0,0,0]
goal_ori_z : [-0.044047,0.0208825,0.297707,0.349382,0.4018,0.405765]
goal_ori_w : [0.999029,0.999782,0.954657,0.936981,0.915728,0.913977]
