n_data : 17
goal_pos_x : [2.76652,2.76819,1.54665,-0.395671,-0.467295,-0.681856,-1.61886,0.29449,0.0741453,1.03288,2.04957,2.903,0.082262,-0.712215,-0.921611,-1.53928,-0.720768]
goal_pos_y : [0.162726,-0.754781,-1.12421,-0.557028,-0.96777,-1.13767,-0.834567,-0.837535,-1.12918,-0.7465,-0.0814699,-0.405775,-0.24501,0.0484261,-0.933717,-0.984954,-0.254061]
goal_pos_z : [0,0,0,0,0,0,0,0,0,0,0,0,0,0,0,0,0]
goal_ori_x : [0,0,0,0,0,0,0,0,0,0,0,0,0,0,0,0,0]
goal_ori_y : [0,0,0,0,0,0,0,0,0,0,0,0,0,0,0,0,0]
goal_ori_z : [-0.713031,0.946481,0.990044,-0.844962,-0.856248,0.997933,0.420167,0.906241,0.140654,0.804219,-0.0520102,-0.77334,0.872658,-0.67328,0.961149,0.699598,0.0143753]
goal_ori_w : [0.701133,-0.32276,0.140756,0.534827,0.516565,0.0642643,0.907447,-0.422762,0.990059,0.594334,0.998647,0.633992,0.488333,0.739388,-0.276029,0.714537,0.999897]
